tileswide 10
tileshigh 10
tilewidth 64
tileheight 64

layer 0
10,10,10,10,10,10,10,20,21,10,
10,10,20,21,10,10,20,14,16,21,
10,20,14,16,21,20,14,3,9,17,
10,13,9,9,16,14,8,3,9,17,
20,14,9,8,1,1,0,0,2,17,
13,9,8,0,0,3,9,6,0,17,
13,9,7,18,11,12,1,1,3,17,
13,9,7,16,15,14,3,9,9,17,
13,9,7,5,5,5,4,18,11,22,
23,11,11,11,11,11,11,22,10,10,

layer 1
0,0,0,0,0,0,1,1,1,1
0,0,1,1,1,1,1,0,0,1
0,1,0,0,0,0,0,0,0,1
1,0,0,0,0,0,0,0,0,1
1,0,0,0,0,0,0,0,0,1
1,0,0,0,0,0,0,0,0,1
1,0,0,1,1,1,0,0,0,1
1,0,0,1,1,1,0,0,0,1
1,0,0,0,0,0,0,0,0,1
1,1,1,1,1,1,1,1,1,1

